{'y': [[245], [218], [255], [126], [182], [71], [102], [65]], 'd1': [[0.0, 0.0, 1.0000499999999999, 1.0000499999999999, 1.95205, 1.95205, 3.1131, 3.1131], [0.0, 0.0, 1.0000499999999999, 1.0000499999999999, 1.95205, 1.95205, 3.1131, 3.1131], [1.0000499999999999, 1.0000499999999999, 0.0, 0.0, 0.952, 0.952, 2.11305, 2.11305], [1.0000499999999999, 1.0000499999999999, 0.0, 0.0, 0.952, 0.952, 2.11305, 2.11305], [1.95205, 1.95205, 0.952, 0.952, 0.0, 0.0, 1.16105, 1.16105], [1.95205, 1.95205, 0.952, 0.952, 0.0, 0.0, 1.16105, 1.16105], [3.1131, 3.1131, 2.11305, 2.11305, 1.16105, 1.16105, 0.0, 0.0], [3.1131, 3.1131, 2.11305, 2.11305, 1.16105, 1.16105, 0.0, 0.0]], 'd2': [[0.0, 1.1750500000000001, 0.829, 2.23, 0.829, 2.23, 0.0, 1.1750500000000001], [1.1750500000000001, 0.0, 2.00405, 1.0549499999999998, 2.00405, 1.0549499999999998, 1.1750500000000001, 0.0], [0.829, 2.00405, 0.0, 3.059, 0.0, 3.059, 0.829, 2.00405], [2.23, 1.0549499999999998, 3.059, 0.0, 3.059, 0.0, 2.23, 1.0549499999999998], [0.829, 2.00405, 0.0, 3.059, 0.0, 3.059, 0.829, 2.00405], [2.23, 1.0549499999999998, 3.059, 0.0, 3.059, 0.0, 2.23, 1.0549499999999998], [0.0, 1.1750500000000001, 0.829, 2.23, 0.829, 2.23, 0.0, 1.1750500000000001], [1.1750500000000001, 0.0, 2.00405, 1.0549499999999998, 2.00405, 1.0549499999999998, 1.1750500000000001, 0.0]], 'nstim': 8, 'nsubj': 40, 'a': [1, 1, 1, 2, 1, 2, 2, 2], 'x': [[5, 6, 6, 2, 4, 1, 3, 1], [5, 6, 8, 0, 3, 1, 5, 2], [7, 7, 8, 6, 1, 2, 2, 3], [7, 7, 6, 3, 5, 4, 0, 1], [8, 6, 8, 7, 3, 3, 1, 0], [8, 7, 8, 3, 4, 0, 0, 0], [6, 5, 5, 3, 3, 1, 4, 1], [8, 8, 6, 4, 4, 0, 1, 0], [7, 8, 8, 4, 7, 0, 3, 0], [8, 8, 8, 7, 4, 1, 1, 0], [8, 8, 8, 3, 3, 0, 1, 0], [7, 6, 7, 4, 3, 1, 1, 0], [7, 8, 7, 1, 3, 0, 0, 3], [7, 6, 8, 2, 5, 0, 1, 0], [8, 4, 6, 5, 4, 3, 4, 2], [7, 7, 8, 5, 4, 5, 2, 0], [8, 8, 7, 3, 5, 0, 1, 0], [8, 6, 7, 6, 4, 2, 1, 1], [8, 6, 8, 1, 2, 0, 1, 0], [8, 6, 8, 4, 5, 1, 0, 0], [5, 6, 6, 3, 1, 2, 2, 1], [3, 4, 4, 5, 4, 5, 1, 2], [3, 3, 5, 3, 7, 2, 5, 5], [5, 3, 6, 2, 4, 1, 5, 1], [5, 6, 6, 1, 7, 1, 3, 3], [8, 7, 3, 4, 7, 5, 2, 0], [6, 3, 7, 3, 6, 1, 5, 6], [8, 8, 6, 3, 5, 1, 0, 0], [2, 3, 4, 2, 7, 6, 6, 4], [6, 5, 6, 1, 4, 1, 1, 1], [4, 2, 3, 3, 4, 5, 4, 6], [6, 6, 6, 2, 7, 2, 1, 1], [5, 1, 7, 0, 6, 0, 7, 3], [4, 2, 5, 0, 6, 1, 8, 4], [7, 6, 7, 6, 3, 1, 0, 3], [6, 7, 3, 4, 8, 6, 2, 3], [8, 7, 7, 3, 6, 1, 2, 1], [3, 3, 5, 3, 2, 3, 4, 3], [4, 0, 8, 0, 7, 0, 7, 1], [2, 3, 6, 5, 5, 2, 5, 3]], 'n': 8}